00 00 00 00 00 00 00 00
00 00 00 00 00 00 00 00
00 00 00 00 00 00 00 00
00 00 00 00 00 00 00 00
00 00 00 00 00 00 00 00
00 00 00 00 00 00 00 00
00 00 00 00 00 00 00 00
00 00 00 00 00 00 00 00
00 00 00 00 00 00 00 00
00 00 00 00 00 00 00 00
00 00 00 00 00 00 00 00
00 00 00 00 00 00 00 00
00 00 00 00 00 00 00 00
00 00 00 00 00 00 00 00
00 00 00 00 00 00 00 00
00 00 00 00 00 00 00 00
00 00 00 00 00 00 00 00
00 00 00 00 00 00 00 00
00 00 00 00 00 00 00 00
5f 19 40 00 00 00 00 00
25 19 62 76 00 00 00 00
22 19 40 00 00 00 00 00
80 19 40 00 00 00 00 00
6d 19 40 00 00 00 00 00
5f 19 40 00 00 00 00 00
14 d8 62 76 00 00 00 00
22 19 40 00 00 00 00 00
80 19 40 00 00 00 00 00
5f 19 40 00 00 00 00 00
78 3a 61 76 00 00 00 00
22 19 40 00 00 00 00 00
2b 16 40 00 00 00 00 00